413.88
419.65
421.63
547.34
567.07
569.61
619.92
675.23
721.06
712.14
708.07
716.28
711.65
704.61
695.11
688.38
681.51
668.05
671.93
653.24
637.4
595.26
545.36
407.76
409.66
428.55
428.77
555.19
609.23
615.43
675.47
755.34
932.65
934.58
930.21
951.62
1047.53
1042.14
1038.1
1044.3
1031.52
824.86
791.38
786.05
696.22
622.98
618.58
442.51
403.7
426.29
426.02
562.85
604.57
610.27
647.6
739.89
929.92
938.52
933.47
953.91
1047.93
1045.74
1044.73
1049.38
1029.06
819.11
784.18
778.82
689.52
616.14
619.58
436.9
397.8
429.13
428.09
564.48
597.26
605.66
642.23
736.29
932.85
934.79
928.35
955.35
1054.38
1056.51
1055.98
1057.98
1031.97
816.81
780.04
775.0
689.68
614.87
618.13
435.36
393.77
423.82
421.24
556.89
593.22
597.17
674.54
779.68
983.35
986.94
983.31
1008.81
1110.31
1110.54
1106.97
1102.88
1083.09
870.94
796.51
792.01
706.6
613.94
616.67
428.31
391.37
426.19
423.53
574.93
616.9
619.3
693.3
809.82
1024.25
1031.87
1030.58
1051.41
1156.76
1154.37
1153.69
1157.48
1147.64
930.44
857.25
843.85
745.5
641.51
619.81
431.46
368.22
368.26
368.16
505.27
544.0
545.41
546.53
590.01
603.64
648.77
644.02
643.51
643.39
651.98
651.37
629.8
631.49
621.25
621.51
600.56
565.69
546.16
525.52
365.62
389.87
390.08
389.69
508.4
525.33
525.58
528.32
571.67
602.61
603.51
603.79
619.38
617.99
626.58
621.57
621.46
621.96
597.57
598.72
579.18
559.16
559.99
515.34
388.17
400.32
440.8
440.64
573.62
618.93
623.66
705.99
811.05
1017.47
1017.91
1022.99
1047.21
1142.64
1141.61
1141.1
1141.75
1133.27
926.06
850.39
839.05
739.2
632.78
629.89
440.75
403.32
441.8
438.96
575.48
613.57
617.0
692.94
803.19
1018.45
1018.56
1021.25
1044.59
1140.18
1138.69
1138.66
1141.41
1134.92
924.28
847.16
837.04
734.01
626.09
627.49
439.47
413.31
447.38
444.16
581.38
625.32
628.47
703.7
814.4
1025.81
1030.28
1036.44
1057.76
1153.27
1153.31
1155.58
1157.26
1148.1
938.43
862.04
849.5
749.89
647.96
640.83
450.99
413.83
450.34
449.02
585.85
632.4
633.71
708.63
816.5
1024.82
1029.19
1034.56
1056.11
1152.13
1152.75
1154.63
1158.14
1149.29
938.06
862.15
849.62
750.38
648.96
640.74
453.51
416.32
451.11
450.11
585.59
634.09
636.86
718.84
824.1
1028.24
1028.91
1035.26
1057.35
1155.44
1153.54
1153.07
1153.65
1147.54
938.44
862.39
849.81
750.25
648.53
640.77
454.01
371.26
371.37
371.55
507.03
545.07
547.38
553.35
602.63
605.94
659.54
656.81
652.58
646.05
653.73
653.09
631.23
630.6
619.33
623.72
608.25
576.33
556.92
534.2
375.05
398.36
397.96
397.95
517.74
533.96
534.48
541.6
581.92
613.11
613.62
611.23
626.62
618.92
625.87
624.72
623.8
625.02
601.08
600.64
584.36
569.95
570.17
522.02
395.81
418.81
450.94
450.92
584.34
626.26
631.38
712.49
819.82
1025.16
1026.22
1034.45
1055.41
1148.66
1146.73
1151.24
1156.07
1150.08
940.14
863.05
846.21
747.33
645.47
640.23
452.73
415.25
449.59
447.94
582.31
625.82
628.69
704.28
815.04
1024.15
1030.69
1035.46
1055.86
1151.27
1150.78
1149.9
1151.01
1140.02
927.4
851.22
840.83
744.5
638.44
638.3
449.62
412.08
447.23
444.63
581.48
624.19
627.1
701.6
813.68
1025.66
1030.06
1036.55
1057.61
1152.61
1152.22
1154.02
1154.69
1146.04
938.46
862.41
850.0
750.72
649.29
641.51
451.56
414.06
450.74
449.1
585.82
632.15
633.25
709.78
819.21
1024.44
1028.15
1034.91
1061.95
1155.97
1153.47
1154.81
1159.43
1151.74
941.13
863.73
851.18
751.29
643.15
638.88
450.87
413.64
447.42
444.55
581.24
623.04
626.6
700.51
812.21
1026.77
1030.1
1030.05
1053.19
1153.61
1151.74
1148.96
1148.89
1140.8
928.28
851.86
842.8
745.72
642.0
638.51
449.7
365.51
365.43
365.63
502.22
538.42
542.36
543.37
584.56
599.3
643.0
637.75
634.91
633.08
640.88
639.84
619.95
621.76
612.35
618.36
599.24
561.38
547.93
525.75
367.19
390.83
390.43
390.47
511.48
527.26
528.41
541.21
586.47
611.35
610.33
611.3
628.61
623.75
632.11
631.75
631.9
631.74
608.09
609.85
594.99
578.3
582.47
525.29
397.03
417.72
452.22
452.1
580.87
634.26
644.28
725.17
825.49
1038.36
1040.6
1044.73
1051.91
1147.28
1149.7
1154.03
1156.34
1154.39
945.1
868.95
856.47
759.91
659.33
652.75
454.15
417.1
451.31
450.1
588.09
642.2
643.73
724.4
826.12
1043.36
1045.81
1049.87
1057.52
1151.73
1149.12
1151.49
1150.84
1151.59
948.0
872.43
860.29
764.67
664.77
654.4
456.87
419.15
452.07
450.35
583.17
638.98
642.22
720.96
826.44
1041.44
1042.54
1049.09
1057.92
1154.24
1154.23
1154.7
1157.53
1158.1
946.82
870.75
857.79
760.65
658.93
652.38
454.27
417.08
450.74
449.77
587.61
639.52
639.41
711.14
820.51
1037.77
1040.15
1046.28
1052.83
1149.25
1151.02
1158.96
1161.05
1157.37
946.44
868.84
856.19
758.96
656.41
650.97
453.48
415.99
448.65
445.52
582.33
631.59
633.62
703.3
814.31
1040.07
1044.53
1049.84
1056.64
1153.72
1155.52
1157.56
1159.46
1160.43
950.06
872.58
860.15
762.23
657.92
653.51
451.18
368.81
369.69
369.79
506.83
545.12
546.18
552.44
600.41
610.54
669.16
664.26
660.18
658.59
666.57
666.59
645.62
645.68
636.75
638.75
619.62
601.5
563.0
539.62
380.61
403.55
403.72
403.86
518.9
534.59
536.72
565.77
628.39
669.64
644.41
630.31
651.92
646.03
652.39
651.16
650.82
650.37
626.4
628.39
608.47
588.87
586.25
534.71
406.17
425.57
452.37
453.07
582.56
644.03
647.52
734.72
828.05
1039.46
1041.56
1046.59
1053.82
1148.58
1148.61
1153.69
1154.77
1153.03
947.47
872.14
859.12
759.91
656.7
652.21
455.45
418.14
449.86
449.0
585.81
636.56
639.03
710.18
819.52
1037.07
1043.75
1049.9
1056.9
1152.45
1152.74
1153.77
1150.73
1151.76
938.82
857.96
847.89
755.78
656.68
651.17
453.09
420.03
452.42
450.02
717.91
770.7
772.72
842.44
952.27
1082.78
1088.57
1087.37
1090.74
1100.69
1103.19
1110.94
1108.61
1103.43
1022.22
948.42
929.12
886.32
785.27
781.46
435.73
402.74
450.08
447.04
714.34
762.96
766.46
836.27
952.92
1086.08
1087.12
1085.58
1090.2
1098.12
1093.8
1099.29
1105.85
1101.82
1021.1
946.09
925.65
883.04
785.64
781.07
436.94
407.24
450.48
446.49
713.23
761.79
765.71
835.74
952.39
1086.71
1090.11
1085.63
1087.34
1095.35
1096.34
1104.91
1105.13
1104.02
1019.57
944.26
923.87
881.97
782.32
776.27
436.05
352.31
352.56
352.51
488.88
525.82
528.47
528.96
589.85
603.29
637.14
634.61
628.5
624.87
634.67
636.3
615.46
613.69
605.53
612.49
595.98
552.74
542.22
519.24
360.23
383.94
384.0
384.26
501.65
514.22
513.12
532.07
596.69
618.13
609.22
609.11
616.24
614.19
622.25
621.9
619.6
619.78
597.26
599.95
579.56
551.13
550.41
508.74
380.87
409.6
453.57
450.25
716.73
771.82
778.3
873.44
961.87
1082.84
1086.37
1087.06
1088.42
1095.42
1092.64
1099.79
1098.3
1100.84
1034.68
963.69
943.3
902.15
808.65
791.48
455.39
424.39
464.04
465.35
726.18
792.74
797.86
918.28
1021.67
1095.16
1094.04
1094.11
1094.87
1098.05
1094.78
1102.13
1099.9
1102.45
1035.46
963.97
942.3
898.81
805.82
789.86
452.53
419.92
458.76
458.72
719.03
784.2
785.76
892.85
972.25
1088.89
1089.71
1085.72
1087.08
1094.74
1093.74
1102.02
1102.34
1103.32
1032.41
961.03
939.54
896.4
802.24
788.03
445.63
413.07
455.7
454.35
722.7
777.96
779.25
854.84
959.73
1083.26
1085.5
1084.67
1087.33
1095.35
1095.42
1102.61
1106.1
1104.31
1031.15
959.41
937.78
894.43
800.58
787.85
444.86
413.4
457.16
455.49
722.59
779.83
783.5
883.9
966.52
1086.74
1086.63
1087.26
1088.14
1096.69
1096.44
1103.41
1102.91
1103.05
1031.55
959.62
937.82
894.75
801.08
787.91
444.71
363.91
364.06
364.24
498.85
537.24
538.45
548.29
614.69
614.72
651.82
648.24
647.67
648.26
656.18
656.91
634.69
634.24
623.48
624.67
607.73
565.8
549.2
526.03
367.01
390.49
390.15
390.11
512.01
527.76
527.71
540.51
601.97
619.04
611.43
615.34
629.4
622.69
626.3
625.02
624.34
625.95
603.48
606.68
585.03
557.77
557.86
514.4
388.31
416.41
456.0
455.9
720.05
770.23
775.46
851.26
958.01
1080.13
1083.9
1085.73
1085.87
1089.81
1087.87
1093.83
1096.38
1096.07
1020.3
948.58
928.41
886.53
793.13
789.14
440.91
408.08
457.02
453.4
720.01
766.77
770.23
840.14
951.05
1085.34
1088.61
1084.09
1082.66
1088.39
1089.88
1101.56
1107.07
1108.46
1030.1
956.83
935.05
890.36
794.9
784.38
439.27
409.02
453.63
450.75
719.66
774.95
776.14
854.64
957.48
1081.76
1085.05
1088.88
1091.26
1093.8
1091.38
1098.65
1100.53
1102.29
1020.4
945.71
926.12
884.33
786.24
782.66
436.24
403.79
451.81
449.92
718.36
771.46
772.13
843.21
951.25
1080.75
1084.93
1086.1
1088.1
1095.38
1094.56
1102.51
1103.13
1104.95
1028.69
957.04
935.41
891.01
796.23
784.95
440.11
408.74
454.13
451.04
717.33
772.55
776.12
854.97
959.38
1081.63
1084.79
1086.04
1088.22
1095.56
1095.4
1103.02
1101.92
1102.04
1031.59
959.6
938.38
896.18
802.79
787.72
444.89
363.5
364.06
364.53
496.73
539.68
542.28
587.07
645.83
657.92
712.91
699.01
692.24
688.85
678.38
692.75
677.61
678.59
670.51
673.44
654.67
615.22
564.24
540.92
382.9
398.05
391.38
391.43
516.72
535.5
539.59
585.34
647.53
676.57
675.85
674.03
693.86
684.07
681.62
682.52
688.92
689.67
665.94
667.52
648.34
620.92
590.61
531.84
395.39
434.82
459.84
459.62
716.22
783.98
786.77
901.52
984.28
1089.44
1091.46
1090.58
1090.86
1097.77
1093.47
1102.01
1103.74
1105.08
1030.6
959.19
938.2
895.07
801.57
788.48
449.61
419.02
457.76
457.9
724.71
782.49
786.34
894.53
971.91
1089.82
1091.07
1088.5
1088.95
1096.46
1096.63
1104.85
1103.83
1104.4
1031.99
959.9
937.93
893.85
799.68
787.78
445.98
414.44
457.23
455.85
722.99
781.62
783.02
867.41
965.15
1087.63
1088.99
1088.18
1087.87
1094.43
1094.82
1103.3
1102.21
1103.75
1034.07
961.77
939.99
896.61
802.81
789.0
447.63
416.9
456.84
456.79
724.77
781.97
782.17
865.26
965.16
1087.26
1087.84
1086.45
1087.51
1095.59
1095.08
1103.58
1105.74
1106.82
1029.89
957.99
936.3
892.7
797.85
786.61
443.19
411.9
455.57
454.8
720.42
776.64
779.28
854.94
960.88
1082.27
1086.13
1087.22
1093.45
1103.98
1101.68
1111.67
1110.62
1106.23
1024.69
954.49
935.61
891.02
795.44
784.9
440.36
357.67
357.73
358.82
496.86
534.71
536.04
546.24
608.85
609.71
646.22
642.34
641.83
638.27
645.14
642.0
619.38
618.89
607.7
609.11
592.72
557.17
546.08
523.46
364.24
387.75
387.56
387.84
510.02
525.46
526.77
543.77
590.67
608.36
609.25
611.77
613.51
603.11
614.73
615.01
615.7
617.29
591.83
593.61
574.27
544.59
544.81
505.89
383.21
411.6
454.06
451.46
717.73
773.18
778.07
865.11
961.45
1083.39
1086.49
1084.35
1084.82
1094.47
1097.54
1101.91
1103.48
1102.68
1028.35
957.55
936.8
893.21
799.38
786.81
443.09
412.47
456.16
452.01
717.44
770.11
771.1
841.5
951.92
1080.67
1086.79
1086.55
1087.65
1094.93
1090.63
1096.34
1099.22
1098.61
1022.71
949.97
929.25
888.82
792.99
784.47
436.16
486.93
534.15
531.2
667.97
728.66
731.11
800.58
911.65
1046.24
1050.25
1052.9
1052.37
1055.42
1056.96
1058.22
1060.94
1062.42
991.85
914.36
903.58
849.2
749.97
733.82
535.74
492.94
534.78
531.47
668.57
733.76
735.47
812.6
917.4
1041.57
1045.96
1051.75
1052.62
1054.97
1054.26
1056.7
1054.76
1056.59
996.34
921.36
910.45
858.08
762.78
739.55
548.67
506.56
545.95
546.2
676.0
752.32
756.56
878.06
975.87
1053.26
1054.78
1059.89
1059.77
1062.46
1062.41
1065.91
1064.89
1067.39
1010.06
933.93
922.37
868.52
772.13
748.1
554.48
392.39
395.52
397.32
527.23
568.23
570.0
619.16
681.13
685.42
733.1
709.98
686.17
682.69
685.35
684.06
663.11
675.69
679.6
685.09
667.39
623.4
571.99
551.13
392.29
413.67
401.37
402.79
526.9
544.66
549.57
603.45
659.64
681.79
650.65
640.04
663.09
657.1
662.35
660.37
659.41
658.95
640.59
644.26
626.78
595.84
591.9
544.17
414.18
515.66
542.34
542.19
671.74
746.71
749.14
840.25
930.28
1045.73
1047.95
1052.31
1054.03
1055.35
1055.68
1058.81
1061.87
1063.29
994.42
918.62
907.2
852.38
754.8
737.03
541.17
497.69
539.83
538.44
675.18
737.73
738.31
809.04
915.28
1043.55
1049.09
1054.13
1056.17
1058.28
1057.92
1059.54
1061.09
1060.58
988.94
912.36
902.93
850.58
748.45
734.33
536.13
493.59
534.51
531.78
668.67
730.63
732.54
802.87
913.01
1043.97
1050.38
1056.93
1059.3
1061.53
1057.36
1057.4
1061.57
1066.51
994.71
916.57
904.78
849.34
748.56
733.61
534.65
491.71
534.17
531.26
667.99
729.67
731.97
802.19
913.32
1043.22
1047.01
1057.87
1059.05
1061.35
1062.14
1065.09
1066.71
1067.43
996.86
919.57
905.63
850.51
750.8
734.09
536.16
493.1
534.83
532.22
669.25
734.73
735.78
811.51
916.09
1041.76
1046.72
1057.25
1063.06
1066.46
1062.06
1063.12
1065.42
1064.55
994.55
913.77
902.44
847.75
748.07
732.82
535.23
363.6
364.03
364.22
501.16
539.36
540.29
543.21
602.69
607.86
643.26
639.31
640.67
639.06
645.96
643.79
622.61
624.69
620.0
624.28
604.7
558.51
548.18
526.11
364.75
387.71
387.27
387.05
506.04
522.34
522.64
525.24
579.82
603.29
602.18
599.61
602.38
600.92
610.32
609.79
609.87
611.16
594.67
596.05
578.38
547.66
549.36
512.41
388.4
494.21
532.14
528.19
662.66
721.28
725.89
802.11
910.48
1037.58
1042.85
1049.88
1051.11
1053.3
1052.75
1055.31
1054.58
1055.49
991.16
915.37
903.69
848.47
750.7
735.36
538.23
495.63
534.67
531.57
669.76
736.55
737.42
813.98
916.65
1040.72
1044.44
1047.63
1049.7
1056.94
1061.56
1062.68
1060.22
1058.79
990.6
915.38
905.78
851.48
753.25
735.02
539.16
643.31
685.48
682.8
817.95
885.34
885.76
963.96
1066.49
1187.99
1193.28
1203.56
1211.4
1216.25
1215.47
1213.09
1215.5
1210.1
1136.58
1054.0
1046.96
995.27
895.57
878.7
684.52
773.64
950.51
919.76
1139.93
1185.76
1204.19
1288.84
1439.32
1663.46
1715.91
1767.79
1791.78
1830.86
1851.68
1852.48
1830.94
1801.52
1694.9
1539.58
1475.68
1400.48
1261.02
1359.78
827.13
785.85
954.89
925.42
1154.63
1206.25
1214.91
1287.45
1449.17
1675.65
1735.73
1790.28
1825.71
1865.49
1879.63
1886.47
1881.08
1851.16
1724.0
1559.44
1501.09
1429.03
1301.31
1427.87
832.04
656.32
654.27
652.71
893.63
1027.95
1043.01
1074.8
1121.14
1180.81
1249.89
1281.28
1315.81
1338.48
1356.19
1357.27
1329.61
1343.23
1294.85
1230.15
1201.8
1126.15
1138.22
1105.46
662.19
715.87
711.38
710.24
929.6
955.07
954.22
992.17
1163.33
1212.14
1244.62
1252.96
1267.09
1283.43
1313.71
1318.42
1318.81
1324.42
1291.39
1223.73
1169.85
1090.78
1062.69
958.6
706.07
783.52
959.95
939.35
1157.21
1209.4
1233.27
1299.72
1461.39
1689.0
1763.95
1830.67
1863.83
1878.53
1881.96
1887.22
1888.12
1877.37
1764.22
1631.24
1544.45
1450.11
1305.67
1451.58
838.07
792.3
979.29
950.39
1202.27
1260.8
1277.58
1343.31
1511.24
1733.99
1796.67
1815.16
1864.85
1872.94
1866.14
1867.03
1869.66
1864.29
1750.97
1628.34
1564.91
1475.68
1334.97
1459.49
871.31
820.72
1018.31
976.94
1243.92
1313.37
1320.74
1371.26
1511.95
1709.57
1771.13
1829.07
1879.22
1887.0
1879.24
1853.68
1834.06
1799.04
1663.55
1528.11
1483.24
1414.56
1292.33
1407.45
836.7
795.13
974.17
946.23
1206.04
1273.52
1279.83
1338.77
1491.03
1688.25
1744.1
1783.78
1807.59
1853.54
1872.18
1857.1
1800.18
1786.95
1686.07
1542.56
1478.81
1410.72
1285.45
1392.35
833.76
793.93
994.4
977.82
1245.0
1312.27
1315.08
1362.43
1529.34
1759.28
1816.2
1876.0
1878.9
1874.85
1858.79
1840.0
1836.23
1773.42
1640.78
1522.26
1478.37
1411.45
1281.61
1398.88
834.65
661.33
659.93
656.51
903.04
1038.1
1059.28
1098.92
1158.95
1222.74
1299.05
1325.85
1343.22
1357.84
1382.87
1402.3
1391.87
1394.16
1377.16
1342.94
1269.32
1182.49
1153.84
1122.75
666.29
721.02
715.99
714.89
941.05
973.75
983.39
1028.18
1235.1
1290.12
1332.17
1376.37
1420.4
1423.11
1433.69
1433.17
1431.7
1427.56
1405.51
1389.4
1342.44
1264.62
1221.67
1092.92
780.53
861.1
1051.86
1024.8
1309.9
1384.25
1389.84
1446.66
1612.19
1812.76
1847.0
1864.73
1889.07
1928.72
1963.64
1964.57
1939.32
1894.4
1793.42
1710.83
1697.79
1629.69
1497.87
1471.79
957.42
901.95
1045.12
993.29
1274.8
1344.5
1352.91
1399.94
1583.71
1787.15
1841.17
1873.91
1881.4
1888.35
1884.91
1885.39
1878.42
1866.19
1745.82
1553.85
1471.9
1405.23
1284.91
1368.28
840.55
798.35
951.43
925.89
1190.95
1281.18
1298.98
1354.57
1490.0
1665.35
1679.36
1685.34
1674.64
1689.85
1707.95
1700.61
1682.66
1674.24
1586.36
1466.11
1429.05
1357.19
1217.14
1282.91
828.74
785.73
901.98
875.78
1094.32
1176.67
1194.79
1267.65
1403.1
1587.78
1642.99
1696.03
1722.07
1744.51
1743.5
1730.82
1723.48
1712.26
1613.32
1481.63
1441.03
1374.96
1247.87
1320.52
833.76
789.43
906.17
882.09
1117.12
1204.28
1219.26
1297.22
1451.98
1650.09
1698.05
1758.26
1798.93
1815.9
1826.32
1805.63
1779.41
1781.57
1685.07
1544.05
1477.67
1408.47
1275.47
1337.93
834.75
649.11
645.18
642.47
884.81
1003.7
1021.72
1077.12
1124.37
1180.1
1329.71
1353.98
1361.44
1374.95
1381.34
1380.63
1356.25
1354.4
1343.22
1304.18
1273.22
1193.7
1235.67
1215.16
736.62
779.98
763.11
752.12
967.66
975.95
977.01
1015.92
1141.83
1143.23
1204.19
1228.36
1267.69
1292.65
1312.27
1331.24
1343.57
1352.64
1326.62
1268.87
1245.64
1182.59
1148.35
1058.85
774.98
755.13
752.77
753.46
1006.68
1108.84
1132.18
1260.51
1425.39
1629.29
1695.25
1704.03
1721.56
1776.1
1788.59
1788.99
1785.41
1770.56
1661.13
1513.25
1451.1
1368.82
1204.11
1274.58
813.5
766.84
760.95
761.49
1028.72
1136.35
1156.8
1274.21
1494.35
1693.21
1764.78
1772.76
1776.17
1786.53
1797.99
1822.03
1830.3
1815.35
1716.92
1594.98
1551.84
1459.64
1292.9
1353.39
876.05
830.97
829.4
829.86
1122.02
1213.51
1218.66
1325.13
1494.76
1694.42
1766.24
1781.85
1795.37
1815.86
1847.02
1859.2
1849.03
1814.34
1715.74
1597.98
1585.03
1536.3
1407.21
1377.97
925.5
891.29
866.94
835.32
1109.78
1193.56
1211.11
1328.95
1534.01
1722.17
1776.75
1799.53
1811.5
1820.11
1813.35
1812.96
1805.91
1789.48
1712.35
1584.79
1555.26
1501.6
1337.71
1357.51
891.67
865.82
848.18
827.71
1110.68
1205.63
1220.22
1353.84
1554.07
1722.97
1778.54
1800.5
1818.75
1835.55
1866.78
1878.57
1838.78
1799.07
1718.05
1599.56
1586.13
1538.3
1404.44
1380.59
966.57
851.61
830.53
826.92
1152.68
1273.34
1277.88
1283.09
1316.84
1355.37
1435.23
1436.62
1459.75
1467.65
1478.42
1474.91
1461.06
1471.62
1457.32
1384.05
1376.09
1338.23
1318.17
1302.55
927.06
955.26
911.22
889.95
1170.66
1188.97
1177.6
1202.53
1295.0
1335.11
1386.83
1408.42
1446.29
1473.43
1489.36
1487.02
1471.25
1451.18
1422.45
1364.21
1357.5
1328.59
1313.66
1298.33
1068.94
1035.55
980.86
914.74
1115.64
1154.24
1160.42
1268.89
1403.94
1536.6
1563.83
1568.12
1555.27
1559.19
1550.2
1525.69
1514.88
1514.96
1422.66
1266.11
1223.94
1171.97
1059.71
1077.47
740.19
704.69
703.77
703.44
860.26
875.8
957.3
1129.36
1294.94
1482.79
1581.28
1628.97
1654.95
1672.54
1673.18
1647.85
1632.34
1639.52
1541.69
1361.12
1306.35
1244.25
1113.67
1135.48
757.29
719.86
718.21
717.18
942.05
1020.32
1041.53
1168.61
1310.63
1473.45
1537.72
1563.46
1574.0
1613.95
1642.8
1662.55
1664.44
1647.46
1542.08
1374.33
1324.04
1271.39
1144.26
1174.15
761.95
723.99
722.87
721.81
960.11
1044.19
1059.14
1178.51
1312.88
1452.71
1503.94
1534.23
1590.28
1662.58
1679.69
1690.14
1699.93
1699.78
1595.2
1406.5
1353.72
1288.65
1149.08
1178.2
766.23
731.22
731.21
732.57
983.59
1094.17
1124.22
1255.63
1406.26
1575.42
1661.85
1747.97
1793.76
1801.36
1793.95
1799.43
1803.34
1799.8
1718.16
1598.07
1570.02
1509.47
1381.1
1357.58
874.03
779.5
769.3
762.12
1048.48
1198.84
1217.16
1237.22
1255.92
1319.17
1416.19
1440.95
1443.53
1447.62
1454.94
1466.68
1453.23
1439.05
1411.93
1370.11
1356.07
1311.92
1284.72
1268.67
782.43
830.17
806.6
792.62
1036.46
1044.44
1042.92
1060.39
1258.66
1286.52
1345.85
1365.91
1404.76
1417.53
1422.86
1413.28
1404.02
1386.49
1357.29
1318.21
1308.78
1283.37
1236.23
1157.82
854.68
823.86
809.03
803.97
1075.23
1186.75
1210.69
1332.92
1479.65
1651.11
1718.07
1739.34
1777.96
1791.09
1801.95
1816.53
1823.04
1806.4
1710.67
1572.69
1545.81
1464.21
1294.29
1326.32
825.16
770.38
759.25
753.96
1015.5
1119.91
1145.26
1260.55
1411.6
1593.67
1667.6
1685.35
1717.73
1793.83
1807.5
1798.44
1788.47
1773.68
1663.59
1548.96
1509.07
1430.87
1273.7
1336.46
835.67
784.36
775.45
762.18
1027.59
1130.25
1162.68
1295.87
1534.03
1717.73
1788.55
1810.26
1828.59
1859.29
1887.31
1910.56
1921.26
1894.54
1775.26
1612.32
1586.04
1538.91
1402.82
1379.43
989.84
955.07
949.56
937.15
1260.08
1357.9
1363.41
1461.26
1611.08
1735.75
1798.39
1834.71
1883.34
1939.56
1973.44
1944.69
1892.37
1857.02
1766.81
1622.91
1589.2
1540.38
1423.03
1395.32
1067.49
1032.02
1024.03
1014.07
1331.83
1359.16
1336.0
1428.88
1580.39
1747.37
1811.36
1797.76
1779.81
1790.25
1798.1
1790.67
1768.25
1772.32
1660.62
1482.61
1423.63
1369.81
1235.95
1317.46
837.84
746.4
714.65
719.65
994.13
1135.54
1153.67
1172.65
1162.24
1179.72
1253.32
1254.58
1255.04
1256.64
1267.88
1269.04
1255.61
1332.46
1317.93
1244.61
1239.15
1176.21
1189.7
1188.15
726.67
781.05
778.58
775.36
1022.59
1034.81
1034.9
1056.32
1243.67
1258.6
1321.54
1354.39
1391.23
1420.41
1428.19
1425.55
1423.34
1413.18
1371.19
1324.48
1309.92
1284.57
1262.92
1189.41
875.09
858.45
846.87
837.22
1131.81
1236.46
1250.52
1407.04
1565.61
1723.72
1773.78
1796.99
1800.23
1829.79
1875.46
1875.84
1853.85
1806.1
1720.3
1598.07
1584.77
1537.35
1411.65
1390.95
1055.89
970.23
843.14
788.7
1075.02
1173.34
1185.86
1291.58
1467.38
1678.79
1778.55
1798.97
1817.14
1830.66
1835.14
1839.37
1836.37
1813.61
1723.01
1598.96
1565.57
1486.59
1310.12
1353.0
871.29
821.43
810.84
794.27
1074.24
1179.91
1211.67
1359.41
1555.97
1730.54
1769.35
1786.15
1811.39
1888.89
1937.54
1934.06
1901.9
1866.98
1724.89
1598.51
1582.87
1527.65
1393.87
1368.28
906.1
881.71
885.6
888.05
1204.78
1251.96
1201.77
1286.75
1443.79
1627.77
1738.21
1788.95
1810.43
1830.15
1838.23
1847.86
1848.85
1827.22
1726.97
1599.97
1585.39
1526.3
1395.17
1368.76
918.15
887.22
869.94
855.53
1129.65
1228.12
1255.51
1432.38
1593.98
1734.19
1789.84
1814.9
1839.94
1854.36
1866.94
1835.2
1797.81
1786.88
1712.48
1581.46
1551.51
1433.31
1226.15
1282.88
815.02
713.12
705.67
703.25
959.96
1062.67
1066.25
1099.18
1086.03
1116.55
1193.34
1206.68
1224.42
1235.54
1257.61
1264.36
1230.32
1227.73
1191.67
1125.05
1121.21
1063.4
1075.38
1075.0
681.07
731.72
729.61
731.15
932.81
950.44
955.04
1001.13
1127.64
1141.01
1189.13
1205.12
1226.32
1214.5
1215.47
1208.32
1214.11
1253.25
1226.09
1159.07
1154.86
1116.45
1100.44
997.74
739.89
736.28
738.85
739.9
1140.74
1229.69
1256.74
1391.84
1531.05
1689.9
1688.88
1712.22
1721.99
1746.2
1756.43
1750.57
1733.58
1739.52
1656.83
1540.23
1493.51
1440.03
1319.52
1353.81
760.12
671.25
667.81
667.44
1076.67
1196.26
1219.77
1356.79
1508.49
1720.98
1789.57
1872.71
1887.8
1893.82
1882.36
1871.73
1864.84
1854.82
1723.86
1633.87
1578.92
1488.99
1328.13
1386.01
760.47
702.6
692.12
687.37
1098.42
1215.93
1249.09
1392.71
1612.93
1818.42
1853.41
1875.29
1897.26
1906.32
1911.56
1923.64
1930.12
1897.34
1774.3
1683.31
1669.1
1606.93
1445.38
1435.71
799.37
762.62
737.86
719.82
1144.4
1255.93
1270.02
1452.06
1634.51
1849.77
1872.39
1892.37
1910.42
1922.73
1905.53
1907.05
1899.62
1870.28
1765.92
1681.05
1667.37
1606.96
1458.72
1443.75
824.29
802.13
792.62
771.31
1211.22
1305.64
1304.48
1493.12
1639.59
1834.36
1861.73
1902.14
1920.72
1929.69
1960.15
1984.97
1980.88
1917.51
1778.83
1684.57
1669.75
1624.96
1508.0
1473.95
917.83
818.99
765.9
719.06
1000.86
1147.29
1152.99
1210.33
1246.91
1307.5
1395.28
1422.98
1413.95
1421.81
1437.14
1437.47
1416.58
1410.56
1370.21
1344.05
1326.74
1229.4
1199.89
1212.13
727.15
746.46
750.89
740.62
987.62
1034.63
1044.09
1069.37
1255.04
1252.76
1249.73
1242.37
1270.87
1280.61
1276.89
1284.68
1272.27
1341.33
1288.23
1259.44
1242.78
1205.01
1179.27
1078.91
790.64
727.29
714.86
707.25
1117.11
1259.0
1272.4
1373.58
1497.34
1666.19
1666.18
1682.52
1678.98
1689.85
1690.29
1676.15
1675.35
1683.51
1572.89
1440.51
1396.79
1350.75
1236.54
1245.42
702.23
666.35
664.7
662.76
1040.96
1131.48
1143.5
1278.83
1420.42
1618.15
1655.51
1681.03
1677.25
1690.19
1697.36
1688.83
1688.6
1695.67
1592.88
1475.5
1432.3
1377.42
1257.37
1308.75
713.54
672.02
670.15
668.7
1070.46
1171.58
1195.28
1334.83
1401.18
1591.66
1618.12
1656.93
1676.6
1715.47
1765.18
1753.18
1719.46
1705.01
1638.49
1515.04
1453.76
1338.45
1266.84
1336.74
722.28
706.72
704.9
701.24
1118.86
1237.53
1260.15
1417.55
1531.99
1713.84
1752.7
1772.91
1769.06
1757.0
1751.71
1752.06
1754.89
1730.41
1650.81
1522.47
1456.77
1343.47
1264.44
1314.82
700.43
685.8
679.94
683.09
1106.04
1235.11
1264.83
1452.23
1543.24
1735.45
1752.75
1773.63
1783.32
1794.32
1803.48
1823.57
1850.08
1831.0
1732.44
1620.98
1604.37
1520.09
1462.06
1439.65
901.37
783.93
753.65
762.43
1099.75
1256.04
1262.22
1272.86
1335.52
1381.52
1426.05
1435.83
1452.23
1445.96
1443.31
1449.18
1421.89
1403.49
1373.51
1373.37
1347.8
1303.04
1287.18
1255.41
865.71
932.14
914.22
897.44
1209.19
1264.11
1269.44
1277.67
1331.66
1383.64
1414.0
1436.86
1464.19
1460.36
1494.96
1461.79
1423.35
1412.62
1378.48
1359.23
1337.33
1312.96
1296.73
1250.47
891.98
826.06
809.63
796.79
1261.15
1383.4
1410.42
1529.89
1562.47
1751.11
1808.67
1854.63
1879.02
1874.55
1888.29
1962.32
2005.48
1979.37
1837.02
1679.67
1614.64
1495.2
1468.2
1458.4
1104.86
1041.43
979.68
939.11
1399.05
1435.64
1436.08
1541.01
1555.32
1702.39
1714.38
1732.05
1759.87
1783.36
1804.01
1802.64
1790.05
1794.96
1717.58
1612.18
1587.19
1494.61
1456.34
1435.17
1017.74
1010.66
955.58
908.58
1348.85
1389.64
1341.61
1498.82
1530.84
1716.37
1735.19
1742.19
1737.52
1726.49
1729.07
1744.45
1745.7
1739.59
1605.95
1455.31
1414.58
1292.58
1238.97
1313.66
695.12
675.55
670.82
658.35
1079.96
1212.25
1250.27
1428.89
1476.95
1632.08
1648.21
1664.87
1670.61
1697.55
1721.7
1738.65
1743.13
1735.61
1667.86
1584.87
1526.47
1339.15
1241.33
1296.6
689.43
669.96
660.48
656.43
1063.82
1160.47
1182.66
1325.29
1357.83
1509.41
1526.39
1560.24
1581.1
1606.44
1628.52
1636.03
1633.95
1628.73
1555.58
1435.48
1402.03
1302.17
1248.05
1316.84
683.51
651.88
646.18
644.02
907.52
1048.17
1066.47
1110.81
1118.49
1156.94
1220.28
1239.62
1252.7
1239.11
1250.17
1249.98
1223.42
1249.22
1210.19
1156.23
1116.32
1068.93
1089.62
1070.71
649.61
706.03
701.19
700.49
919.55
951.48
958.75
1009.23
1163.37
1196.21
1225.64
1251.41
1255.35
1225.72
1222.97
1219.96
1217.84
1250.87
1208.03
1165.74
1137.46
1098.86
1083.11
976.52
720.83
665.97
667.27
663.95
1044.85
1146.0
1182.76
1322.84
1363.95
1522.43
1535.94
1567.71
1592.55
1601.61
1590.76
1586.21
1591.78
1589.54
1505.87
1389.69
1367.6
1272.31
1245.3
1300.59
685.77
668.15
664.05
663.04
1080.46
1197.47
1218.45
1339.54
1366.17
1515.59
1521.57
1528.28
1522.94
1543.79
1560.69
1560.59
1575.05
1591.55
1531.32
1423.99
1385.36
1273.62
1239.15
1290.19
681.83
664.31
663.79
669.21
1085.65
1215.7
1247.05
1408.02
1506.77
1671.37
1715.59
1731.05
1742.01
1753.01
1756.68
1765.85
1788.97
1782.49
1707.38
1612.11
1588.11
1472.6
1427.15
1401.53
771.72
740.86
715.95
715.35
1144.04
1248.36
1257.53
1457.95
1514.3
1704.2
1720.38
1736.22
1747.63
1755.13
1782.85
1806.76
1849.19
1830.3
1704.47
1603.11
1583.6
1486.78
1447.15
1416.55
804.63
790.67
780.9
760.23
1199.24
1283.47
1287.94
1478.38
1523.18
1715.11
1730.62
1748.32
1766.47
1756.35
1746.04
1749.26
1749.18
1745.73
1682.65
1607.65
1585.69
1469.87
1379.23
1367.58
781.73
734.38
707.1
690.15
985.85
1159.26
1198.09
1252.71
1263.53
1310.79
1384.51
1402.58
1400.63
1407.11
1440.09
1442.07
1410.04
1401.83
1382.18
1380.24
1333.73
1236.92
1251.84
1213.08
711.26
776.84
742.89
722.92
972.75
998.29
999.98
1056.26
1272.23
1282.59
1298.81
1308.79
1314.13
1303.03
1367.97
1332.5
1295.86
1345.44
1309.05
1249.34
1196.11
1151.05
1121.99
1005.84
732.39
683.87
682.11
681.24
1096.35
1210.26
1229.24
1354.55
1401.38
1584.08
1615.51
1662.72
1717.86
1722.09
1731.37
1742.91
1764.3
1757.29
1672.58
1551.33
1491.05
1366.81
1310.7
1359.88
715.28
689.24
687.9
686.25
1108.92
1218.15
1243.93
1441.72
1507.75
1699.66
1723.31
1742.22
1753.93
1760.98
1780.75
1777.27
1774.04
1754.53
1680.84
1602.65
1584.09
1468.66
1408.18
1399.99
773.92
767.43
743.12
739.67
1194.4
1302.82
1326.69
1507.61
1553.39
1719.39
1746.51
1796.35
1806.91
1827.86
1822.37
1775.8
1777.04
1760.72
1679.44
1602.62
1577.02
1462.66
1394.44
1407.36
804.67
762.15
744.04
718.9
1161.78
1258.29
1278.16
1479.15
1522.6
1717.09
1737.33
1777.53
1809.69
1757.28
1746.29
1776.57
1807.94
1821.64
1715.32
1618.28
1597.84
1477.93
1425.22
1404.97
865.58
854.93
846.83
821.88
1273.84
1343.79
1396.92
1521.22
1575.27
1736.91
1773.65
1832.22
1832.41
1810.21
1809.17
1833.02
1826.06
1830.54
1758.11
1643.49
1599.55
1484.52
1437.77
1394.44
850.71
797.69
752.68
745.55
1073.17
1230.04
1237.52
1261.59
1337.3
1394.9
1453.69
1468.2
1485.26
1486.63
1512.27
1467.12
1419.33
1421.01
1398.05
1397.23
1360.6
1279.47
1259.65
1224.68
784.19
894.68
900.43
891.12
1215.83
1243.74
1247.55
1273.42
1344.42
1406.2
1430.05
1441.45
1441.31
1431.93
1465.0
1463.28
1425.24
1412.83
1379.83
1380.09
1350.41
1287.79
1270.88
1226.65
846.76
779.2
769.56
786.75
1281.73
1385.39
1372.46
1500.17
1562.32
1734.93
1777.87
1829.09
1864.0
1865.34
1839.91
1849.86
1831.6
1760.71
1692.08
1613.9
1582.6
1447.59
1345.25
1394.22
815.41
821.05
809.28
789.4
1253.15
1374.34
1389.75
1509.95
1571.13
1750.62
1801.32
1852.0
1889.63
1939.03
1972.08
2025.54
2067.97
2047.78
1901.33
1708.49
1638.57
1494.49
1463.76
1447.39
1079.43
1034.2
1011.38
990.98
1401.4
1434.03
1429.53
1559.66
1600.64
1827.01
1902.21
1920.11
1891.24
1906.26
1990.98
2041.5
1905.41
1784.78
1713.84
1626.61
1604.24
1488.93
1466.83
1446.44
1013.99
964.16
958.49
956.25
1392.75
1431.24
1430.38
1542.77
1568.35
1748.31
1848.17
1918.17
1965.86
1972.72
1963.78
1918.02
1855.88
1799.52
1701.28
1620.28
1599.03
1474.36
1424.35
1390.15
731.27
689.21
651.15
647.91
1062.18
1182.42
1200.92
1342.64
1400.81
1593.18
1603.39
1656.16
1686.18
1724.7
1735.27
1747.4
1758.68
1757.16
1693.67
1594.44
1527.85
1361.18
1294.84
1364.86
719.11
684.96
681.13
675.16
954.74
1109.73
1150.85
1227.84
1290.93
1351.72
1426.79
1438.5
1444.82
1462.65
1491.94
1515.53
1513.7
1504.84
1464.68
1418.88
1372.47
1312.13
1286.11
1252.21
922.89
964.95
920.35
917.27
1233.38
1250.02
1247.32
1267.02
1332.12
1390.98
1407.65
1436.07
1463.92
1451.72
1452.03
1438.11
1420.25
1413.59
1378.74
1374.85
1332.65
1270.6
1252.41
1169.07
836.84
805.86
794.04
778.16
1245.93
1355.91
1342.87
1488.8
1539.02
1715.76
1735.71
1760.9
1783.0
1814.47
1845.15
1881.84
1910.48
1876.67
1745.01
1620.33
1593.59
1479.8
1444.64
1411.92
848.65
824.15
804.26
795.2
1265.04
1385.9
1395.68
1523.07
1573.49
1782.58
1866.4
1939.38
1980.61
2037.09
2058.98
1979.91
1898.01
1872.38
1788.14
1676.99
1629.12
1492.46
1463.62
1451.52
1136.97
1096.37
1066.24
1070.63
1406.33
1432.11
1429.36
1558.93
1574.24
1753.17
1840.06
1946.34
1987.51
2007.58
1965.28
1901.34
1889.56
1858.76
1747.79
1642.0
1598.01
1482.73
1456.59
1431.16
1003.31
971.2
936.77
933.92
1375.93
1413.94
1417.15
1542.57
1579.17
1763.46
1808.15
1848.91
1872.22
1869.96
1802.06
1772.36
1833.34
1861.15
1733.15
1620.86
1598.15
1481.49
1441.18
1411.11
875.23
842.18
838.01
824.44
1295.91
1387.32
1390.8
1505.4
1557.37
1730.38
1760.47
1810.56
1833.61
1880.77
1902.17
1868.03
1829.32
1800.39
1729.25
1630.81
1603.91
1487.1
1434.18
1412.23
857.12
826.31
808.6
774.56
1063.19
1228.41
1234.32
1253.3
1310.52
1344.58
1386.79
1428.31
1430.94
1433.73
1444.67
1440.17
1379.34
1387.33
1378.36
1377.77
1352.39
1280.27
1266.96
1236.9
801.32
826.58
809.36
810.02
1144.86
1176.84
1177.45
1214.84
1290.13
1338.91
1353.71
1359.52
1373.61
1389.44
1414.2
1420.05
1420.7
1419.69
1362.3
1340.16
1306.01
1257.44
1259.43
1234.41
953.81
903.89
948.14
976.58
1382.08
1397.7
1383.26
1498.62
1558.87
1727.51
1752.27
1777.42
1809.68
1876.67
1892.57
1880.9
1880.64
1866.57
1788.69
1691.12
1643.61
1506.96
1473.39
1451.8
1161.02
1139.44
1060.4
979.38
1378.99
1409.48
1406.37
1516.92
1560.25
1733.23
1775.06
1842.44
1889.8
1923.47
1897.3
1897.79
1927.45
1920.8
1835.82
1718.57
1623.96
1482.67
1462.76
1442.29
991.05
955.54
884.71
836.1
1257.87
1311.0
1345.99
1473.42
1521.08
1712.52
1734.17
1739.77
1730.97
1728.2
1731.14
1713.02
1714.78
1707.36
1607.38
1491.05
1460.8
1336.41
1249.53
1365.31
742.31
726.54
721.56
716.87
1144.66
1272.83
1284.5
1401.4
1451.96
1571.69
1586.74
1708.92
1537.22
1711.77
1692.99
1699.03
1706.46
1707.59
1536.35
1411.38
1346.62
1258.6
1274.08
1368.74
739.54
718.32
689.73
692.65
1103.59
1219.21
1248.22
1441.27
1501.07
1661.21
1665.09
1714.9
1722.01
1721.69
1728.47
1739.96
1752.28
1745.36
1682.77
1601.33
1559.25
1427.35
1338.11
1371.01
770.14
738.58
734.25
726.62
1040.97
1226.59
1245.33
1272.36
1330.8
1390.96
1430.21
1440.61
1458.15
1492.51
1538.04
1563.6
1575.03
1570.55
1528.11
1480.68
1404.01
1314.7
1303.12
1261.77
956.96
1002.59
966.47
939.73
1225.73
1239.46
1241.67
1264.7
1325.25
1391.35
1407.13
1449.99
1465.16
1467.02
1492.28
1505.82
1507.37
1496.24
1480.76
1461.25
1406.03
1333.23
1313.07
1277.47
1139.12
1013.05
963.62
939.42
1377.18
1416.46
1425.42
1551.09
1576.76
1762.94
1863.29
1974.64
2027.84
2133.46
2127.0
2082.15
2051.83
1971.81
1889.3
1770.7
1673.39
1515.48
1478.2
1451.38
1160.84
1149.27
1146.87
1132.88
1418.35
1444.65
1440.79
1561.31
1602.23
1851.67
2003.02
2081.75
2072.9
2091.89
2199.39
2283.65
2306.42
2269.49
2147.05
1970.15
1807.48
1594.36
1517.0
1463.31
1159.88
1156.38
1156.62
1156.23
1418.3
1453.55
1453.45
1594.09
1659.76
1975.25
2112.87
2215.5
2289.02
2353.33
2441.94
2484.39
2462.83
2421.56
2215.77
1962.7
1843.81
1647.22
1567.03
1489.95
1165.11
1161.47
1160.42
1156.63
1418.97
1454.21
1466.97
1642.83
1711.25
2010.08
2101.5
2207.18
2237.58
2168.65
2089.7
2094.17
2109.09
2165.29
2078.78
1877.0
1773.09
1598.99
1536.64
1482.39
1167.44
1164.48
1163.48
1145.47
1410.58
1442.79
1455.08
1601.89
1666.32
1949.88
2056.09
2147.99
2207.67
2107.98
1965.87
1922.93
1966.83
1917.71
1759.14
1646.58
1625.64
1508.47
1477.51
1456.42
1163.35
1110.33
1084.24
1022.55
1252.7
1285.06
1289.06
1306.0
1368.31
1407.8
1473.5
1552.69
1640.53
1632.84
1639.23
1595.19
1537.26
1470.25
1420.43
1423.8
1395.04
1317.6
1311.96
1278.95
1012.47
1066.69
1026.06
991.11
1247.16
1251.65
1251.78
1282.47
1351.73
1411.79
1440.39
1501.77
1592.67
1591.02
1527.66
1511.45
1527.51
1498.32
1460.58
1448.4
1397.86
1320.07
1317.25
1279.83
1125.21
1076.22
1053.06
1046.9
1396.67
1436.67
1447.29
1565.27
1602.65
1861.25
1994.78
2092.14
2141.45
2198.58
2292.76
2297.81
2277.02
2229.44
2100.57
1927.58
1822.58
1624.15
1557.66
1486.39
1162.88
1157.45
1157.68
1157.55
1419.17
1450.13
1445.84
1566.68
1602.57
1805.5
1865.52
1901.33
1939.01
1978.81
2028.06
2094.85
2159.46
2122.45
1889.51
1681.87
1622.58
1495.77
1480.18
1457.7
1148.56
1097.6
1060.3
1063.66
1412.75
1439.56
1418.69
1527.76
1564.11
1734.9
1783.32
1849.9
1885.56
1906.92
1908.6
1904.08
1899.62
1964.46
1909.78
1711.41
1616.52
1486.84
1469.48
1448.42
1019.66
1042.32
1027.62
936.53
1370.56
1405.81
1405.42
1518.28
1578.92
1770.59
1824.06
1867.69
1884.73
1839.09
1819.56
1898.51
1994.74
2015.37
1911.57
1719.72
1646.59
1491.95
1470.78
1459.12
1150.59
1027.17
1017.29
962.04
1382.94
1405.4
1405.28
1535.06
1586.52
1802.42
1874.11
1936.84
2014.91
2101.69
2173.92
2217.23
2216.48
2090.23
1887.14
1710.59
1662.41
1512.83
1472.6
1458.91
1165.82
1122.26
1089.18
1022.43
1251.28
1279.56
1281.17
1304.25
1371.39
1422.7
1502.64
1549.44
1533.84
1497.43
1501.72
1561.78
1631.45
1576.42
1482.76
1414.81
1374.83
1312.33
1297.98
1265.65
989.69
1027.1
993.16
945.54
1236.41
1254.38
1255.28
1277.67
1347.53
1421.34
1457.36
1531.12
1621.87
1679.19
1752.14
1789.77
1771.58
1708.56
1695.13
1637.99
1532.0
1401.24
1332.41
1275.35
1157.3
1056.99
999.94
945.85
1371.67
1402.76
1400.28
1520.27
1572.06
1740.69
1792.52
1857.99
1913.38
1982.71
2053.57
2122.5
2165.71
2188.89
2115.76
1891.53
1740.9
1554.97
1502.47
1458.83
1165.54
1144.95
1122.51
1091.74
1418.55
1458.65
1458.36
1603.04
1680.92
1954.26
2086.97
2236.84
2313.16
2380.84
2415.0
2438.73
2475.12
2422.89
2252.51
1997.37
1862.18
1661.04
1586.93
1508.03
1163.86
1157.16
1157.89
1158.08
1420.21
1468.38
1475.25
1658.1
1763.32
2121.91
2217.85
2252.47
2284.05
2303.55
2254.02
2227.7
2233.19
2171.88
2020.7
1791.84
1706.03
1554.51
1494.1
1460.37
1169.77
1161.78
1158.5
1146.57
1419.67
1454.57
1454.01
1579.62
1613.33
1848.17
1958.09
2084.01
2222.24
2320.1
2389.65
2350.78
2209.22
2164.47
2057.82
1750.53
1645.77
1519.44
1488.6
1458.97
1165.81
1160.49
1161.28
1161.66
1426.6
1459.66
1459.54
1639.37
1702.31
1964.38
2069.62
2118.39
2091.4
1957.08
1893.02
1894.05
1978.72
2028.65
1918.58
1750.79
1700.23
1555.05
1506.69
1459.74
1165.99
1147.98
1148.0
1146.7
1278.23
1311.59
1311.72
1336.02
1437.91
1555.78
1729.97
1846.24
1891.85
1836.56
1675.13
1583.72
1581.37
1515.99
1451.12
1417.7
1378.5
1314.55
1310.98
1288.73
1141.86
1168.21
1169.11
1140.0
1263.9
1280.94
1286.48
1313.01
1374.65
1467.42
1469.77
1533.44
1689.03
1759.13
1855.8
1900.27
1922.08
1900.71
1790.88
1679.89
1558.11
1439.5
1372.79
1286.25
1165.72
1163.53
1159.33
1164.09
1427.53
1472.9
1483.49
1668.17
1773.48
2129.94
2242.35
2293.54
2385.58
2353.3
2304.8
2360.45
2333.92
2346.26
2313.25
2084.82
1891.07
1656.66
1584.48
1527.44
1166.23
1157.41
1157.89
1157.64
1419.22
1454.44
1454.19
1610.27
1699.43
2070.27
2194.37
2282.95
2366.18
2446.0
2534.89
2602.7
2619.34
2597.35
2478.92
2186.85
1979.87
1759.5
1691.4
1602.2
1212.34
1195.97
1189.31
1175.86
1429.5
1487.4
1519.53
1715.68
1811.65
2169.72
2262.08
2335.24
2432.11
2522.44
2600.17
2646.51
2669.11
2663.46
2533.73
2218.61
2006.14
1779.68
1717.06
1623.86
1228.73
1192.5
1184.02
1176.78
1435.65
1488.38
1505.22
1680.67
1797.05
2120.46
2161.21
2204.27
2174.07
2221.05
2156.87
1980.14
1989.55
1962.18
1743.62
1626.28
1603.9
1489.18
1470.95
1449.91
1079.36
1053.24
1023.11
994.97
1388.22
1413.97
1411.75
1532.38
1581.96
1780.17
1842.24
1917.31
2000.65
2070.57
2095.62
2143.85
2189.7
2152.06
1986.94
1807.08
1734.58
1576.98
1528.67
1478.88
1164.67
1145.81
1145.85
1145.95
1280.16
1322.27
1311.03
1331.85
1420.36
1466.59
1513.7
1536.65
1582.43
1595.58
1603.52
1557.47
1520.01
1479.78
1436.81
1429.06
1383.53
1315.04
1311.59
1288.62
1103.86
1104.03
1054.43
1027.63
1252.7
1266.57
1264.52
1280.88
1348.26
1405.56
1447.42
1508.7
1582.79
1616.7
1662.81
1697.32
1713.78
1651.85
1564.93
1514.89
1449.18
1360.96
1335.57
1278.95
1162.78
1159.55
1160.03
1160.81
1425.8
1460.33
1457.33
1604.2
1666.55
1923.63
2034.75
2118.62
2206.08
2293.12
2379.87
2379.94
2264.89
2119.73
1957.71
1744.08
1684.42
1546.79
1507.26
1459.3
1166.54
1162.08
1162.9
1163.29
1427.02
1461.56
1459.28
1584.52
1660.28
1903.02
1960.6
2056.08
2042.19
1975.98
2022.28
2054.99
2021.95
1922.02
1810.08
1683.13
1630.27
1506.16
1489.04
1458.56
1165.62
1160.36
1161.24
1162.14
1422.11
1457.36
1454.84
1608.8
1652.93
1869.74
1985.2
2094.75
2187.64
2253.26
2313.26
2277.53
2218.13
2115.84
1985.99
1792.08
1720.21
1572.2
1524.15
1468.92
1166.76
1160.15
1159.99
1160.54
1424.47
1460.49
1460.27
1581.98
1635.86
1876.15
1954.75
2005.25
1951.88
1980.56
2034.79
2049.31
2067.21
1985.83
1840.63
1714.15
1665.52
1522.67
1492.9
1459.4
1166.88
1161.57
1161.23
1161.46
1425.22
1461.74
1462.0
1618.79
1674.81
1886.85
1957.14
2024.85
2050.71
2101.63
2175.25
2198.73
2227.77
2255.25
2091.17
1859.34
1749.79
1550.45
1499.18
1463.55
1163.06
1142.94
1127.36
1083.62
1260.26
1286.18
1281.49
1293.52
1363.19
1423.37
1507.27
1612.72
1706.22
1792.85
1820.5
1752.62
1717.07
1660.3
1603.47
1532.88
1455.71
1362.0
1336.89
1288.48
1140.64
1166.84
1167.37
1168.18
1277.11
1277.58
1277.11
1304.43
1368.09
1487.05
1564.16
1628.33
1687.67
1764.53
1794.16
1858.07
1786.82
1591.38
1483.25
1422.53
1397.94
1351.21
1343.38
1290.0
1170.32
1161.85
1160.95
1158.72
1419.59
1474.87
1485.03
1639.6
1705.83
1964.66
1991.4
2013.77
2051.19
2117.83
2175.47
2198.41
2172.17
2102.59
1980.96
1765.2
1654.19
1494.5
1478.12
1457.34
1147.41
1287.47
1287.65
1287.84
1438.95
1475.47
1470.61
1588.21
1644.76
1835.14
1913.75
2032.6
2075.48
2065.3
2063.94
1999.94
1951.73
1968.86
1958.99
1775.32
1714.53
1552.37
1536.49
1504.34
1307.06
1289.38
1289.09
1288.84
1440.62
1485.43
1488.73
1659.91
1749.18
1970.25
2054.54
2136.61
2151.2
2196.64
2244.28
2220.16
2247.49
2249.56
2141.61
1852.11
1750.1
1571.26
1531.24
1480.74
1306.82
1289.09
1289.19
1289.04
1439.15
1475.55
1476.78
1633.8
1706.94
1907.16
2048.64
2181.4
2257.04
2356.11
2451.39
2503.26
2522.06
2486.31
2380.87
2050.06
1852.35
1642.2
1589.98
1514.51
1309.17
1309.04
1310.72
1311.92
1459.88
1500.06
1499.43
1674.31
1731.88
1964.93
2078.71
2203.0
2318.68
2259.91
2083.38
2015.17
2073.39
2083.82
2002.5
1793.96
1726.39
1564.27
1530.04
1495.76
1325.11
1278.68
1278.93
1277.73
1427.39
1444.32
1437.15
1436.57
1472.29
1542.38
1707.7
1794.92
1852.11
1833.89
1870.94
1880.62
1773.81
1720.97
1679.86
1615.54
1577.92
1513.96
1457.42
1440.09
1279.76
1297.71
1293.58
1280.64
1413.29
1409.51
1413.28
1437.16
1485.16
1643.48
1735.06
1807.51
2007.17
1992.98
1987.17
2074.67
2114.33
2030.78
1918.73
1788.88
1707.03
1610.92
1539.46
1440.43
1298.63
1303.16
1304.14
1304.09
1453.4
1489.26
1510.06
1662.08
1695.05
1879.25
1962.66
2064.65
2107.51
2127.34
2155.93
2188.12
2206.42
2166.68
2049.97
1802.38
1747.34
1613.77
1574.67
1499.47
1322.95
1305.37
1305.02
1304.71
1453.03
1487.29
1488.44
1613.52
1650.5
1831.67
1946.6
2106.12
2140.12
2109.39
2052.79
2018.43
2057.22
2060.91
1973.19
1810.27
1768.05
1609.99
1559.9
1494.92
1323.05
1306.53
1306.59
1305.62
1456.12
1493.08
1493.17
1617.25
1667.96
1885.85
2033.89
2161.09
2228.64
2308.87
2406.14
2454.92
2494.23
2421.32
2215.85
1847.41
1746.18
1603.95
1570.95
1507.97
1324.7
1307.17
1306.91
1307.74
1459.24
1496.96
1497.23
1639.92
1681.01
1855.58
1924.49
2003.34
2075.75
2159.73
2227.04
2225.15
2202.24
2089.07
1932.1
1752.32
1699.13
1570.23
1547.02
1495.73
1324.76
1307.4
1307.13
1307.03
1457.41
1494.27
1484.5
1600.93
1646.91
1851.25
1933.13
1990.41
1991.77
1951.35
1921.26
1920.67
1940.21
1955.83
1966.23
1794.26
1718.46
1576.4
1553.9
1498.14
1328.39
1281.17
1281.57
1278.64
1427.78
1446.75
1446.23
1446.99
1484.62
1552.33
1713.15
1762.62
1826.53
1869.59
1919.41
1857.74
1816.74
1827.87
1815.91
1722.73
1620.16
1515.9
1462.3
1448.97
1280.57
1293.5
1295.43
1295.49
1426.01
1413.01
1408.69
1419.14
1449.2
1531.81
1599.57
1695.9
1864.69
1812.0
1760.91
1776.35
1813.75
1798.99
1744.42
1647.75
1560.46
1480.52
1467.54
1429.15
1299.97
1304.32
1304.26
1290.03
1442.14
1467.75
1454.3
1576.52
1644.06
1816.52
1906.31
2023.6
2116.8
2233.45
2369.02
2431.07
2441.21
2373.89
2243.03
1960.89
1816.71
1625.48
1566.12
1490.52
1320.22
1302.79
1302.7
1302.73
1452.14
1488.28
1488.67
1640.02
1706.95
1969.31
2128.64
2237.84
2276.81
2319.86
2420.26
2478.52
2485.39
2449.44
2309.65
2046.25
1902.84
1669.56
1602.7
1504.72
1324.75
1307.01
1296.38
1300.71
1452.67
1488.32
1488.96
1596.1
1623.58
1780.09
1852.13
1898.35
1924.4
2026.19
2178.31
2155.35
2105.67
2110.72
2047.28
1849.95
1740.26
1572.24
1552.82
1501.28
1324.57
1303.6
1304.37
1304.17
1453.28
1488.86
1482.84
1608.82
1669.35
1896.33
2004.62
2067.13
2106.64
2217.76
2279.82
2187.19
2095.59
2068.88
2021.54
1824.48
1737.45
1589.57
1554.9
1490.87
1321.29
1303.94
1303.83
1303.82
1445.89
1456.58
1437.25
1532.83
1571.48
1745.8
1791.8
1891.37
1958.49
2052.26
2191.35
2288.04
2368.97
2381.67
2306.55
1993.51
1843.75
1652.6
1586.09
1516.38
1320.67
1266.19
1267.41
1268.55
1417.29
1434.58
1437.74
1451.28
1512.2
1658.15
1885.89
1957.79
2031.99
2095.34
2147.17
2128.54
2015.33
1897.23
1853.42
1797.46
1728.26
1647.99
1544.37
1499.39
1275.05
1288.6
1289.26
1289.3
1423.16
1425.28
1425.29
1436.9
1527.73
1684.72
1731.15
1857.97
2082.0
2134.26
2181.72
2154.18
2130.33
2058.83
1828.73
1625.01
1581.93
1548.83
1531.16
1427.91
1297.06
1395.29
1394.78
1395.29
1546.85
1589.15
1587.2
1751.76
1887.23
2071.17
2138.32
2221.21
2269.47
2308.41
2355.88
2280.73
2212.92
2177.37
2081.77
1852.07
1776.48
1692.28
1598.05
1575.05
1365.4
1285.3
1254.09
1230.47
1504.93
1534.71
1533.89
1657.74
1808.34
1966.85
2057.12
2188.2
2182.29
2211.81
2310.03
2300.59
2294.3
2271.54
2154.79
1927.27
1874.1
1755.62
1608.12
1578.74
1404.7
1380.83
1391.49
1397.5
1542.27
1581.66
1591.87
1741.61
1854.22
2086.74
2184.65
2213.39
2265.36
2329.69
2364.33
2370.31
2315.42
2244.29
2146.73
1911.57
1844.78
1730.61
1610.52
1572.41
1359.61
1287.76
1270.16
1220.86
1498.06
1520.26
1476.58
1629.07
1790.53
1958.41
2031.76
2064.1
2133.4
2275.8
2428.85
2444.58
2346.6
2250.98
2146.31
1950.96
1872.52
1741.93
1620.95
1570.93
1401.56
1396.18
1395.62
1395.41
1544.52
1582.25
1582.78
1724.69
1878.64
2171.01
2349.37
2474.74
2521.61
2560.92
2677.15
2769.16
2741.37
2615.88
2508.89
2259.79
2107.26
1901.27
1733.96
1644.42
1416.07
1318.4
1316.1
1310.19
1455.84
1435.45
1427.99
1417.54
1471.7
1512.61
1585.27
1600.02
1618.3
1646.39
1679.38
1692.74
1671.01
1654.67
1635.31
1576.58
1538.44
1491.83
1466.62
1450.54
1175.28
1182.4
1145.08
1111.95
1397.04
1346.75
1327.99
1354.6
1433.03
1473.94
1502.56
1515.96
1559.94
1572.04
1595.62
1608.97
1624.02
1625.04
1587.36
1533.63
1510.27
1479.39
1459.14
1422.86
1119.09
1135.02
1118.67
1110.35
1445.34
1503.12
1526.89
1660.44
1821.94
2035.07
2181.03
2296.73
2377.37
2466.07
2564.76
2612.28
2645.6
2609.87
2465.85
2139.15
1969.77
1796.76
1666.0
1591.04
1399.64
1395.49
1396.31
1395.85
1544.12
1581.23
1581.88
1737.57
1886.36
2147.73
2309.09
2421.09
2394.16
2360.74
2374.36
2364.78
2354.79
2278.42
2133.91
1916.38
1860.57
1738.95
1616.63
1577.1
1360.98
1319.1
1295.32
1243.39
1513.16
1519.47
1509.73
1661.39
1796.19
1930.8
2009.01
2107.58
2123.4
2145.52
2211.82
2229.34
2333.06
2375.95
2225.84
1971.7
1887.5
1765.5
1624.52
1570.9
1401.36
1398.95
1310.25
1260.22
1511.42
1541.57
1542.06
1691.88
1826.42
2002.0
2116.33
2212.12
2298.94
2386.27
2523.06
2579.94
2593.22
2520.95
2360.03
2103.39
1965.07
1834.33
1678.0
1597.53
1416.51
1304.18
1290.49
1302.29
1431.9
1528.94
1529.72
1650.54
1790.76
2091.31
2252.13
2442.86
2620.1
2723.15
2818.38
2858.66
2849.71
2768.13
2545.99
2367.91
2160.16
1995.02
1653.66
1563.26
1301.97
1149.62
1147.31
1148.5
1280.44
1376.98
1387.5
1418.8
1528.66
1758.0
1978.87
2151.55
2259.96
2329.91
2378.88
2398.74
2317.61
2121.54
2056.45
1998.2
1802.35
1693.98
1479.47
1435.12
1161.22
1182.53
1180.69
1177.64
1293.65
1359.01
1357.07
1360.11
1409.47
1541.14
1551.28
1651.76
1812.05
1851.69
1903.67
1887.56
1816.31
1755.95
1727.83
1715.95
1620.64
1584.56
1407.24
1342.93
1172.97
1280.71
1188.13
1138.89
1415.43
1514.16
1509.89
1579.43
1725.76
1938.44
2035.88
2235.06
2280.12
2255.28
2286.05
2326.92
2350.66
2334.73
2187.14
2064.15
1963.35
1871.05
1591.44
1531.12
1302.47
1307.1
1312.34
1311.95
1438.95
1548.63
1556.71
1666.32
1855.93
2261.17
2406.16
2588.34
2697.06
2745.73
2709.33
2575.32
2517.64
2456.17
2304.97
2200.73
2065.51
1929.58
1612.1
1526.18
1307.08
1311.19
1310.61
1264.92
1442.49
1534.14
1537.51
1604.57
1737.37
1973.76
2047.61
2202.76
2329.49
2438.6
2408.13
2300.89
2276.33
2220.79
2084.2
1973.34
1862.83
1787.29
1543.73
1506.15
1211.77
1228.29
1239.88
1232.37
1437.95
1532.24
1533.79
1605.12
1735.43
1961.1
2052.58
2225.11
2328.38
2416.92
2514.92
2538.24
2542.67
2453.25
2312.1
2164.86
2001.48
1865.48
1554.97
1504.31
1244.59
1137.15
1059.86
1018.72
1337.97
1474.95
1433.26
1535.01
1696.98
1915.8
1943.86
2058.65
2137.01
2182.59
2188.0
2125.85
2090.85
2067.25
1986.36
1933.01
1856.01
1780.45
1513.36
1467.42
996.69
833.37
825.07
807.98
1139.59
1292.82
1291.45
1300.38
1382.75
1517.76
1558.78
1655.26
1718.34
1765.33
1829.21
1849.72
1830.18
1791.28
1743.54
1694.59
1577.01
1533.28
1380.95
1353.83
1047.47
1044.44
1004.44
990.61
1252.76
1312.36
1302.68
1313.0
1382.61
1517.41
1523.22
1613.82
1718.25
1756.29
1822.23
1862.2
1849.91
1779.81
1707.65
1672.55
1554.29
1523.4
1384.0
1343.45
1116.85
1165.28
1135.37
1124.9
1405.33
1493.0
1472.16
1549.33
1733.04
1911.01
1959.1
2108.4
2180.97
2220.64
2267.3
2232.28
2211.82
2198.39
2069.41
1931.56
1838.07
1754.0
1494.99
1453.99
1002.28
1024.13
1024.69
977.19
1257.43
1422.12
1410.48
1518.26
1686.01
1899.77
1915.4
2020.24
2085.61
2145.18
2208.24
2206.5
2224.5
2195.5
2060.98
1938.3
1850.48
1773.45
1500.45
1452.2
971.81
984.82
978.52
952.13
1241.84
1388.48
1386.76
1510.84
1678.19
1899.3
1921.13
2029.74
2110.59
2174.73
2252.17
2283.95
2311.75
2282.03
2139.29
1997.84
1856.5
1777.8
1538.18
1487.26
1134.0
1118.81
1109.25
1100.41
1402.52
1497.74
1501.71
1575.89
1727.09
1973.11
2084.79
2253.71
2340.92
2406.24
2509.8
2545.62
2582.67
2545.43
2357.41
2124.34
1941.84
1811.11
1538.04
1499.65
1252.33
1216.51
1201.6
1191.11
1424.16
1514.23
1512.09
1591.47
1727.12
1963.38
2056.46
2252.79
2375.79
2468.79
2550.84
2552.85
2513.28
2390.39
2213.14
2090.75
1951.8
1828.24
1559.57
1503.91
1300.35
1149.49
1137.99
1097.94
1280.87
1365.28
1363.85
1368.82
1423.72
1520.54
1605.75
1779.94
1886.43
1919.32
1969.24
1945.68
1870.65
1807.07
1790.63
1736.01
1605.38
1536.42
1375.51
1346.78
1147.44
1171.07
1171.05
1171.06
1287.3
1356.99
1356.93
1358.42
1408.72
1514.18
1546.73
1681.55
1831.97
1858.32
1832.73
1798.44
1814.09
1819.64
1807.96
1715.57
1576.9
1537.76
1378.52
1338.43
1164.36
1149.32
1062.29
1007.49
1345.64
1476.54
1471.56
1534.4
1717.36
1902.51
1941.61
2084.0
2173.8
2210.93
2191.7
2163.63
2208.76
2191.5
2058.95
1967.3
1858.6
1775.63
1531.22
1478.46
1080.77
1076.07
1074.69
1061.1
1384.85
1473.21
1461.29
1530.21
1713.93
1907.83
1969.74
2136.94
2229.42
2298.92
2400.96
2452.25
2442.61
2372.7
2181.22
2034.94
1917.75
1811.12
1541.96
1503.46
1205.86
1180.52
1115.69
1156.71
1426.1
1516.51
1507.39
1586.06
1731.48
1982.46
2064.46
2222.59
2321.22
2403.62
2492.17
2467.66
2479.39
2444.53
2244.28
2067.18
1932.22
1811.69
1537.39
1500.32
1193.81
1112.67
1051.59
1023.03
1329.25
1446.93
1410.42
1517.13
1685.44
1903.88
1931.85
2079.45
2159.01
2197.1
2206.98
2171.27
2169.06
2114.46
1995.01
1927.29
1850.11
1766.65
1439.71
1427.34
888.35
874.66
850.4
842.49
1121.86
1307.91
1319.49
1434.51
1657.93
1879.51
1919.08
2018.63
2069.13
2114.71
2181.82
2200.62
2220.73
2194.84
2058.55
1938.92
1848.99
1765.31
1494.7
1450.61
984.23
839.31
818.55
793.72
1113.65
1292.52
1297.61
1307.93
1374.86
1487.68
1546.42
1637.52
1685.29
1713.68
1740.59
1730.3
1695.13
1684.84
1668.04
1629.28
1540.22
1508.3
1359.9
1328.58
1003.67
1053.64
1053.63
1026.91
1258.01
1332.95
1330.93
1333.83
1400.29
1516.07
1542.9
1646.73
1782.38
1826.34
1873.55
1911.42
1902.63
1851.77
1788.14
1687.5
1563.76
1532.17
1377.76
1338.42
1168.38
1230.92
1157.21
1137.48
1412.41
1496.84
1479.56
1534.01
1708.55
1901.59
1939.72
2080.37
2163.55
2218.1
2293.82
2346.85
2377.49
2313.55
2108.9
1963.13
1852.12
1776.54
1525.72
1478.58
1049.25
941.44
871.23
862.46
1160.29
1324.7
1332.18
1443.05
1657.45
1891.2
1923.45
2038.5
2162.6
2262.05
2351.56
2408.85
2398.01
2350.85
2221.9
2086.25
1962.08
1836.27
1548.86
1500.15
1302.47
1306.34
1306.34
1286.6
1404.11
1418.06
1375.65
1502.39
1673.63
1897.32
1917.46
2023.7
2055.42
2057.91
2130.76
2161.08
2148.99
2078.58
1979.59
1912.59
1814.59
1742.8
1401.54
1397.54
901.44
886.75
884.28
876.6
1182.98
1347.47
1347.37
1457.7
1614.9
1872.39
1919.78
2013.19
2056.16
2098.58
2181.04
2199.15
2194.84
2148.85
2012.44
1934.79
1855.97
1768.5
1500.72
1454.76
951.36
930.29
915.88
902.91
1187.14
1309.64
1336.64
1531.18
1714.26
1945.26
1997.19
2160.44
2250.03
2301.55
2414.03
2483.97
2480.82
2413.77
2228.34
2061.61
1933.98
1821.62
1545.79
1501.06
1237.32
1042.63
1011.75
955.98
1222.0
1295.32
1285.83
1288.06
1353.14
1457.94
1517.85
1616.74
1644.35
1647.16
1661.36
1674.41
1658.34
1657.8
1632.12
1596.82
1496.5
1388.31
1244.06
1237.11
733.2
783.07
777.37
768.0
1041.95
1080.38
1083.57
1107.25
1295.49
1277.73
1290.06
1302.08
1307.68
1307.54
1313.06
1307.16
1302.25
1303.37
1273.98
1250.74
1224.49
1158.36
1146.93
1025.1
745.78
864.29
1071.98
1047.86
1477.46
1520.34
1544.58
1539.82
1650.59
1798.27
1833.59
1865.74
1880.22
1913.47
1942.12
1958.61
1972.52
1961.35
1874.63
1801.23
1726.85
1646.94
1514.16
1585.41
894.2
886.34
1097.43
1081.33
1536.55
1585.58
1597.83
1572.61
1681.82
1844.68
1895.44
1928.71
1935.43
1951.0
1958.83
1974.41
1982.46
1965.51
1875.04
1817.87
1788.24
1729.9
1578.06
1587.87
917.67
908.11
1124.33
1091.24
1516.48
1546.8
1551.25
1544.04
1724.51
1886.43
1928.06
1943.32
1944.98
1960.18
1952.1
1956.38
1996.12
2010.32
1888.62
1840.95
1830.16
1780.32
1667.17
1638.75
1069.65
1000.01
1141.59
1099.56
1549.04
1592.67
1626.07
1661.15
1762.22
1884.86
1911.53
1930.68
1939.41
1961.52
1968.85
1981.27
1993.85
1976.74
1878.52
1835.56
1800.53
1728.43
1545.9
1580.04
879.1
877.54
1107.05
1084.53
1536.04
1568.01
1560.96
1539.76
1685.83
1873.33
1898.51
1932.27
1936.44
1952.25
1957.67
1968.81
1977.29
1964.15
1870.67
1795.03
1735.56
1644.42
1487.19
1579.14
876.57
694.43
693.09
692.68
966.43
1133.54
1156.74
1191.14
1273.96
1350.35
1408.43
1436.1
1438.85
1442.02
1471.31
1489.98
1478.57
1469.9
1417.44
1410.27
1375.24
1321.02
1303.46
1274.5
811.95
870.53
881.57
890.12
1201.07
1240.87
1220.84
1239.08
1337.08
1382.53
1406.66
1415.7
1451.08
1465.17
1487.7
1497.61
1498.56
1476.4
1413.16
1393.83
1371.54
1327.35
1320.7
1281.63
1004.23
1113.19
1324.09
1273.49
1604.9
1645.31
1647.64
1684.66
1793.72
1920.32
1941.66
1979.24
2045.38
2123.87
2129.38
2083.76
2059.64
1982.23
1870.23
1726.91
1643.3
1562.32
1412.47
1493.21
844.99
847.66
992.96
969.56
1353.13
1376.42
1383.46
1412.32
1511.51
1641.65
1659.77
1684.43
1694.58
1723.83
1716.07
1704.33
1703.73
1703.31
1621.06
1551.66
1516.38
1454.7
1327.61
1415.36
819.61
824.02
936.52
920.39
1257.31
1283.2
1307.83
1366.36
1540.68
1718.13
1779.71
1821.03
1841.77
1882.49
1905.5
1919.01
1923.47
1912.45
1782.7
1682.31
1622.12
1560.7
1432.89
1562.97
848.55
855.41
1066.94
1029.55
1435.09
1478.01
1505.8
1505.58
1655.15
1878.01
1904.56
1927.11
1933.17
1949.36
1954.99
1966.9
1977.4
1963.51
1875.38
1806.52
1779.13
1707.61
1544.92
1591.94
882.91
876.86
1094.8
1054.05
1489.75
1538.09
1551.3
1559.31
1744.52
1910.3
1927.69
1934.77
1946.6
1983.96
2013.63
2038.78
2043.19
2003.65
1879.31
1840.2
1806.08
1737.16
1592.7
1591.86
941.01
759.42
747.87
732.9
1024.78
1179.04
1184.83
1219.39
1289.92
1369.27
1436.88
1438.48
1443.12
1456.72
1478.16
1469.16
1424.98
1424.13
1412.36
1407.9
1374.38
1320.28
1295.58
1266.1
792.95
846.01
797.61
748.12
985.44
1004.67
1000.35
1025.77
1226.99
1269.49
1312.08
1339.32
1367.67
1384.05
1401.87
1403.48
1399.22
1382.03
1336.45
1329.41
1281.05
1204.19
1160.82
1017.43
743.58
862.97
1081.18
1051.82
1476.4
1526.1
1543.43
1539.47
1683.81
1891.64
1924.22
1972.07
1987.15
2005.91
2041.84
2109.85
2126.96
2065.16
1915.32
1840.63
1829.24
1778.44
1654.53
1630.06
1083.24
1089.37
1302.79
1286.93
1615.07
1654.01
1653.25
1688.98
1811.72
1925.0
1928.81
1955.7
2025.25
2079.47
2090.68
2075.8
2058.29
2016.04
1894.25
1842.93
1831.21
1777.33
1643.13
1622.92
1069.13
1062.69
1261.45
1228.29
1601.23
1640.05
1638.55
1681.78
1804.31
1924.31
1927.53
1923.43
1922.12
1931.84
1932.61
1943.61
1959.39
1954.81
1832.03
1749.29
1688.58
1613.75
1470.57
1578.21
862.83
865.75
1068.13
1042.78
1464.18
1511.72
1528.7
1517.09
1651.8
1851.13
1895.33
1925.97
1928.87
1942.64
1949.9
1962.15
1967.35
1954.9
1846.65
1787.16
1715.54
1636.74
1503.39
1584.85
886.93
824.66
1064.14
1003.27
1258.81
1264.41
1267.12
1276.77
1394.78
1594.84
1620.81
1636.47
1630.44
1641.58
1662.03
1665.72
1697.78
1723.59
1611.39
1470.7
1431.58
1377.24
1245.61
1362.6
824.13
678.46
672.45
672.92
927.46
1070.24
1092.17
1115.94
1164.34
1210.61
1268.23
1287.33
1304.45
1317.64
1325.56
1324.93
1306.67
1318.18
1275.01
1216.89
1189.15
1118.12
1121.41
1098.52
665.2
720.7
715.96
715.6
948.62
980.17
984.82
1013.96
1220.44
1280.04
1325.94
1340.8
1360.26
1376.9
1392.32
1398.33
1395.92
1377.29
1332.74
1320.92
1301.24
1271.94
1265.63
1151.94
835.26
917.76
1121.86
1096.61
1402.45
1439.42
1399.72
1350.39
1438.75
1640.25
1696.22
1745.28
1761.64
1768.23
1723.22
1660.04
1653.54
1645.44
1536.52
1416.79
1384.02
1332.44
1210.5
1295.29
807.43
807.12
901.85
903.24
1141.33
1197.8
1211.03
1253.71
1380.5
1612.13
1670.1
1694.45
1691.96
1710.51
1719.67
1704.01
1695.54
1681.59
1562.94
1424.12
1382.8
1323.83
1190.55
1267.81
811.11
813.33
921.14
928.01
1169.23
1230.76
1269.57
1315.44
1465.86
1699.7
1759.92
1797.45
1803.16
1808.85
1808.38
1807.55
1812.04
1804.57
1693.45
1561.59
1512.94
1472.87
1378.58
1427.48
912.78
964.57
1101.86
1114.62
1602.06
1646.03
1650.39
1685.2
1793.22
1926.23
1928.66
1932.2
1946.38
2000.14
2036.68
2050.15
2052.43
2006.53
1883.52
1797.41
1663.85
1583.72
1445.71
1584.93
839.19
839.81
994.36
965.61
1354.06
1388.15
1401.83
1426.8
1530.77
1660.34
1677.74
1689.94
1676.62
1693.67
1698.47
1699.79
1698.2
1699.61
1612.25
1551.23
1516.51
1465.06
1338.27
1419.45
819.55
652.13
652.06
651.87
838.48
939.95
952.13
996.81
1068.42
1116.33
1178.6
1201.3
1226.74
1268.83
1290.77
1292.01
1269.47
1242.61
1190.11
1145.37
1111.25
1035.89
1053.6
1032.77
679.57
726.55
723.82
723.46
883.45
929.03
949.34
1005.53
1147.49
1158.46
1154.1
1164.06
1189.14
1187.04
1192.79
1183.97
1171.31
1164.87
1135.63
1113.13
1092.66
1044.88
950.96
851.16
707.94
829.27
876.93
878.85
1157.63
1205.36
1221.47
1308.46
1412.08
1547.13
1627.96
1673.1
1693.39
1744.41
1765.83
1755.48
1739.32
1719.9
1610.68
1543.83
1523.73
1469.38
1341.02
1450.13
840.13
845.45
961.88
962.68
1341.22
1389.55
1408.55
1430.41
1554.59
1725.22
1780.79
1821.9
1836.84
1872.62
1898.62
1883.09
1887.29
1907.05
1785.57
1680.75
1629.54
1572.47
1448.08
1592.4
846.47
565.64
610.51
609.65
746.76
795.85
797.43
850.37
939.04
1033.86
1035.19
1053.97
1052.99
1053.16
1054.28
1061.05
1067.46
1064.49
994.68
962.68
962.8
903.39
800.3
793.03
566.48
572.3
611.66
609.84
747.35
799.43
800.56
852.57
938.95
1032.13
1035.74
1049.1
1047.12
1053.89
1060.15
1057.97
1060.95
1059.04
987.35
953.44
953.23
894.49
794.24
790.62
560.95
566.22
607.4
605.06
741.49
789.0
790.7
843.4
935.45
1034.09
1031.14
1046.21
1051.55
1050.51
1046.64
1049.87
1057.06
1056.26
985.09
950.8
953.05
895.2
786.16
785.79
559.54
358.32
358.45
358.65
494.93
531.85
535.41
536.24
595.68
605.67
643.77
644.93
643.17
639.48
645.87
644.08
623.65
626.26
615.14
617.84
597.45
554.63
543.96
521.21
361.62
385.0
384.97
385.15
504.77
520.99
521.19
524.56
579.42
604.21
605.31
605.05
606.78
603.52
612.38
612.38
612.44
614.35
589.54
591.16
572.38
545.4
542.87
504.97
382.35
566.57
607.88
605.17
739.46
784.68
787.89
842.92
933.29
1029.25
1024.43
1043.02
1043.38
1044.32
1043.51
1050.36
1060.85
1062.4
993.77
961.92
962.02
901.74
798.71
791.64
563.92
569.72
609.62
606.05
742.85
794.61
796.56
849.42
937.88
1032.42
1034.13
1054.29
1056.92
1057.41
1053.68
1054.93
1059.66
1057.31
988.64
952.81
955.86
899.17
794.85
790.19
560.57
566.51
607.61
605.02
740.97
787.16
793.42
846.21
934.04
1032.16
1028.79
1045.1
1051.23
1060.35
1058.62
1062.39
1069.26
1060.88
985.78
949.56
950.0
890.91
781.75
781.76
562.03
567.47
607.61
605.8
739.68
780.59
782.34
836.84
926.92
1027.58
1027.36
1050.23
1059.91
1070.02
1073.26
1076.78
1082.81
1070.9
989.86
950.57
950.04
889.01
778.94
778.15
561.33
566.63
606.84
605.02
738.49
779.75
781.45
832.45
928.82
1028.38
1028.85
1057.18
1065.3
1072.85
1076.36
1075.9
1072.71
1062.73
986.34
948.75
948.96
890.09
786.2
787.12
559.87
359.26
360.24
361.0
498.26
534.88
537.07
564.06
614.77
622.02
667.27
657.84
654.81
654.47
663.38
662.71
640.77
640.24
630.17
630.99
610.24
567.39
552.89
529.36
370.15
393.37
392.72
392.19
513.13
528.69
529.41
538.51
595.86
612.55
611.4
607.64
610.66
608.38
617.88
618.1
618.22
617.3
592.27
593.64
574.74
547.36
548.62
511.6
389.19
575.63
612.88
610.39
745.21
786.34
788.06
842.43
929.42
1030.96
1034.05
1051.0
1051.21
1049.48
1044.32
1047.95
1054.42
1053.01
986.22
953.0
951.63
894.08
794.34
790.14
560.17
565.96
607.13
604.96
741.65
791.67
794.59
847.54
934.65
1032.16
1036.72
1056.02
1054.07
1052.58
1050.19
1051.63
1056.13
1055.35
985.67
952.9
955.43
892.86
790.62
789.78
559.14
564.82
606.22
603.61
738.81
785.36
791.27
845.39
934.54
1037.01
1035.01
1044.47
1044.28
1051.82
1061.19
1067.25
1068.41
1058.89
985.9
950.27
951.12
892.55
784.07
784.11
562.06
567.77
608.42
605.98
740.8
782.14
784.86
840.98
934.88
1038.54
1036.91
1047.21
1044.45
1046.19
1045.94
1050.18
1057.24
1057.86
986.87
953.05
954.77
898.4
794.53
790.01
559.92
565.82
606.43
604.08
741.04
790.99
793.23
845.97
933.79
1033.33
1038.01
1055.68
1049.47
1049.23
1049.6
1054.37
1057.93
1056.92
985.33
949.92
950.84
892.22
783.46
783.55
561.93
361.22
361.81
362.03
496.56
529.65
532.38
536.21
590.34
598.76
625.64
623.08
622.52
622.71
632.52
631.86
610.03
610.27
600.88
604.48
583.83
540.48
536.7
516.33
364.17
387.07
386.92
386.5
500.84
517.24
517.12
517.56
572.22
595.89
596.05
595.46
601.84
599.68
608.94
609.05
609.21
609.7
587.41
589.24
569.72
541.36
542.78
508.52
385.93
570.3
612.07
608.32
741.81
783.59
785.88
840.54
928.66
1032.96
1034.42
1047.87
1046.11
1048.36
1053.73
1061.02
1066.91
1063.57
993.02
960.52
960.64
900.22
796.7
790.54
561.84
567.66
608.53
605.54
742.33
794.93
796.99
850.28
939.55
1035.24
1036.43
1054.64
1054.81
1056.09
1056.21
1061.49
1065.39
1062.9
995.81
963.97
963.99
903.9
801.07
793.08
566.27
572.06
611.07
609.58
746.34
800.0
801.86
854.96
943.84
1035.17
1035.14
1053.05
1053.01
1053.84
1054.56
1060.22
1067.23
1065.58
994.75
962.15
961.55
900.89
796.77
791.3
564.63
570.25
608.92
605.54
742.33
791.23
793.95
846.29
937.11
1035.63
1037.91
1054.38
1049.0
1051.36
1051.42
1056.26
1061.75
1058.28
987.58
953.73
954.98
896.02
790.92
791.95
564.03
569.71
610.49
607.19
743.54
786.14
788.77
844.35
935.11
1037.77
1036.19
1046.39
1044.09
1045.5
1049.06
1057.31
1064.58
1059.07
986.73
952.54
955.0
896.4
789.66
790.3
562.98
361.29
357.61
357.72
494.43
531.32
534.53
535.32
594.52
605.3
644.04
641.76
641.88
642.24
652.07
652.77
632.17
632.41
621.57
621.86
604.14
565.77
546.87
523.08
364.15
387.51
387.54
387.58
503.14
514.89
516.32
532.21
600.54
633.55
625.5
623.51
642.37
637.63
645.87
645.64
646.41
647.56
625.02
626.73
608.08
605.57
583.91
522.92
385.35
580.96
614.64
614.71
740.92
804.56
807.99
897.52
968.96
1046.24
1045.76
1061.77
1060.51
1058.91
1055.8
1061.53
1064.23
1063.1
1001.11
969.62
971.52
911.76
809.31
796.24
572.0
577.8
614.07
614.01
749.27
806.93
808.93
888.82
962.39
1045.53
1046.12
1062.34
1059.64
1058.03
1056.21
1061.58
1065.12
1063.37
998.49
966.88
966.88
906.72
802.93
793.48
567.46
573.31
611.65
611.78
748.39
802.19
807.33
870.6
955.98
1045.49
1045.46
1059.33
1058.34
1057.93
1057.39
1062.85
1065.97
1063.8
998.03
966.01
965.65
905.07
803.77
794.69
567.89
573.15
611.21
611.12
748.09
798.94
801.28
854.24
942.45
1038.25
1037.13
1055.76
1054.7
1056.15
1055.19
1060.25
1067.04
1064.91
995.31
963.22
963.36
903.09
800.69
793.48
567.96
546.55
584.37
584.25
721.04
771.75
772.49
825.28
919.08
1009.71
1009.87
1027.99
1028.64
1029.91
1029.46
1034.75
1041.89
1037.8
969.69
937.75
933.82
875.82
772.85
765.16
539.1
371.78
371.26
371.12
507.96
544.64
547.1
547.73
610.75
626.32
678.43
670.73
663.37
662.53
663.35
663.51
641.52
632.19
627.93
628.58
609.38
572.09
554.99
534.94
377.14
403.44
403.08
400.92
517.19
533.45
535.29
538.42
588.42
622.11
619.63
617.79
636.94
636.84
634.72
632.35
630.92
621.79
604.82
607.05
589.04
567.5
567.03
518.82
392.9
538.49
572.63
571.5
706.45
744.95
747.3
803.32
898.92
990.73
990.93
1008.84
1008.51
1005.51
1001.17
1000.21
1006.1
994.72
929.57
897.06
894.09
833.6
756.78
753.07
522.93
529.19
570.0
567.7
704.1
745.3
748.91
803.28
899.01
988.9
989.79
1009.29
1009.78
1009.96
1010.55
1011.07
1017.43
1003.98
936.47
904.01
899.4
841.35
760.07
754.06
527.59
534.22
573.47
572.24
709.03
758.1
759.1
812.48
904.08
990.54
989.96
1009.25
1011.5
1012.14
1009.74
1006.73
1010.59
999.1
930.98
896.63
894.86
839.37
757.7
753.09
522.64
524.09
565.81
563.05
699.09
743.24
750.94
794.21
890.22
985.17
984.43
992.68
989.37
993.66
993.88
991.59
996.07
989.13
920.55
881.79
879.01
830.39
748.67
749.17
520.91
527.07
565.36
560.85
696.8
739.21
750.67
797.81
889.92
985.97
986.09
997.62
995.47
991.92
991.48
992.0
997.61
989.53
922.06
883.87
882.14
835.64
751.19
747.0
516.11
363.67
363.99
365.12
503.0
540.91
541.99
543.95
608.79
620.05
660.89
655.92
655.37
655.11
655.12
655.5
634.22
625.46
621.48
622.22
601.42
561.91
548.23
526.1
366.76
392.95
392.36
392.42
512.89
529.86
530.74
542.64
606.08
635.57
629.34
629.8
641.38
635.55
634.55
633.97
634.22
625.28
606.75
606.9
585.38
561.06
560.32
514.69
388.25
528.49
569.11
568.95
703.5
747.78
756.25
802.72
896.63
980.22
982.12
995.5
995.37
994.07
989.78
988.42
994.53
990.5
928.12
893.01
888.19
838.44
752.6
748.59
517.31
523.77
567.7
563.78
699.83
745.33
753.61
797.43
892.24
980.02
983.96
998.73
995.64
990.56
988.87
988.52
996.01
990.23
925.45
888.13
886.78
838.83
751.88
747.83
516.65
468.72
511.4
508.28
645.04
690.05
698.24
743.28
837.03
913.89
914.76
928.44
930.26
928.9
928.53
928.65
935.09
928.26
860.88
821.39
816.91
779.37
699.54
693.73
464.7
471.64
513.59
510.29
646.99
695.85
702.42
751.21
841.66
914.65
917.14
931.08
931.2
931.24
931.63
931.74
937.12
928.84
864.26
827.07
820.88
783.44
704.75
697.68
471.75
465.31
504.65
503.41
638.0
683.04
691.26
743.94
841.25
898.86
900.18
911.99
923.92
923.26
922.83
923.29
927.87
911.81
848.41
811.73
805.84
761.11
680.33
675.17
461.75
374.82
374.98
375.21
511.92
549.57
552.53
562.29
621.49
638.54
682.45
677.28
673.74
671.17
670.4
669.88
648.71
640.68
637.85
639.09
618.88
589.31
564.06
543.86
384.48
410.73
410.95
410.91
524.24
539.67
539.77
551.92
606.32
642.63
629.93
630.14
657.03
653.4
650.1
647.65
646.74
637.94
620.67
621.34
600.49
584.67
580.33
531.48
404.83
475.49
503.76
503.37
637.59
672.89
682.25
737.55
826.94
895.75
898.45
906.56
915.3
914.44
913.85
913.64
920.35
905.7
840.54
800.16
795.23
754.23
675.36
673.44
457.0
462.46
502.51
501.42
638.02
677.27
684.67
737.03
824.79
896.88
900.58
913.07
926.62
926.21
926.02
928.04
935.92
918.1
847.27
807.53
801.27
756.97
674.67
673.14
455.67
461.24
502.74
501.45
638.03
677.44
684.7
737.51
823.7
893.57
901.73
913.75
926.62
925.05
922.46
920.27
925.97
910.06
843.19
804.69
800.6
759.02
676.59
677.1
458.6
463.99
505.11
502.07
638.53
673.16
681.81
733.66
820.49
895.18
895.03
905.22
921.49
925.77
927.95
926.59
931.47
910.75
841.31
800.91
795.55
751.6
668.8
672.26
456.86
462.4
502.54
499.59
635.9
668.15
676.33
731.47
820.17
896.21
896.29
905.03
922.59
929.75
929.67
924.41
928.89
910.31
840.33
799.76
794.73
750.76
667.44
671.22
456.43
369.27
369.3
369.31
505.4
540.14
542.35
545.7
590.86
612.83
647.15
642.74
637.38
632.67
631.03
630.82
609.73
601.77
598.48
600.13
581.03
553.59
544.11
523.96
363.8
390.43
390.21
390.16
509.22
526.55
526.43
526.97
571.92
609.09
609.64
612.85
620.08
613.27
611.86
610.06
608.85
600.34
583.95
584.42
566.02
554.4
551.46
512.71
386.55
460.98
502.81
501.68
636.28
671.1
680.79
734.51
822.19
888.98
895.13
906.04
917.88
916.19
915.92
920.6
930.74
917.11
849.83
807.61
800.63
756.2
675.3
672.98
453.71
459.19
503.13
501.88
639.1
681.38
687.58
740.4
828.24
893.88
897.39
910.74
924.26
924.47
924.8
925.11
931.84
914.54
847.34
810.18
804.03
759.71
678.51
674.04
458.76
464.31
503.57
502.83
639.84
682.74
690.84
743.84
839.9
896.35
898.59
911.46
923.26
922.74
923.74
924.45
931.18
913.54
847.84
810.74
804.45
760.2
679.01
674.2
459.72
465.12
503.96
502.64
639.94
683.37
689.44
743.06
837.61
900.67
902.04
913.67
927.38
928.07
928.68
929.24
932.05
916.74
853.89
816.86
811.16
766.59
685.81
677.89
463.33
469.05
506.43
506.37
642.76
687.52
695.19
749.41
851.84
912.68
906.29
916.82
927.58
926.96
924.09
923.83
930.22
913.92
850.04
812.95
806.76
761.86
681.14
675.03
462.33
375.82
376.03
376.22
510.25
551.13
552.4
560.14
622.02
639.28
680.91
674.14
672.88
672.3
671.31
670.81
649.78
641.43
637.77
638.89
618.4
588.43
563.89
542.5
382.82
409.52
409.21
409.12
530.5
547.05
547.66
557.12
607.78
636.44
630.02
626.87
651.59
645.39
642.88
640.28
639.96
634.36
618.3
622.17
601.19
585.45
578.87
529.61
405.35
